# dev accuracy: 0.8268348623853211
4.331163674777985251e-01
6.044561506984493793e-01
5.952576527949338114e-01
4.941808326438164034e-01
6.710240456697809108e-01
3.412422796306306405e-01
5.063898629206372570e-01
5.946074768816401734e-01
4.515798205380673891e-01
5.073651699815131533e-01
4.515798205380673891e-01
3.760032774878884210e-01
5.132898251773071463e-01
4.915989731038155619e-01
4.233782168341907459e-01
7.303742458555310124e-01
3.981799891581074280e-01
5.088146559908726108e-01
4.915989731038155619e-01
4.915989731038155619e-01
3.976914248597723800e-01
5.867814132181383702e-01
5.759128857786347533e-01
4.709217730547691216e-01
6.597666879927489569e-01
3.151609965146891512e-01
4.860255987808374534e-01
5.782707487476250741e-01
4.187512384615811323e-01
4.852820198410491837e-01
4.187512384615811323e-01
3.479064011775713228e-01
4.802375597274105568e-01
4.582374102968389540e-01
4.007802459738332712e-01
7.246148359771548142e-01
3.685801126751387380e-01
4.743164144832795470e-01
4.582374102968389540e-01
4.582374102968389540e-01
3.941353413147087315e-01
5.721311914936220155e-01
5.610268025936597791e-01
4.627062934747476763e-01
6.442086390570533894e-01
3.139336539985318475e-01
4.775684292575329559e-01
5.658589881219004969e-01
4.135161430076592648e-01
4.764787861512996825e-01
4.135161430076592648e-01
3.456955427774565104e-01
4.703368354099977111e-01
4.502374325960940560e-01
3.957931376595919537e-01
7.016087373694507301e-01
3.656704060824817470e-01
4.649108024882992463e-01
4.502374325960940560e-01
4.502374325960940560e-01
6.621755444583291572e-01
7.886155650929912442e-01
7.903635014867487207e-01
6.765493394101643743e-01
8.231508722032134795e-01
5.018013347267495927e-01
6.731091128582559202e-01
7.589916080913983176e-01
6.742924402370090720e-01
6.859864164853077817e-01
6.742924402370090720e-01
5.541399367248057706e-01
7.621372344621523132e-01
7.322100987514141845e-01
5.844803305563228690e-01
8.919210576519532863e-01
5.891240824352577121e-01
7.635702802627925001e-01
7.322100987514141845e-01
7.322100987514141845e-01
4.335892256691821212e-01
6.048661239054647920e-01
5.956903692088302282e-01
4.945716177825856819e-01
6.713703296252622188e-01
3.415728093108916785e-01
5.067495503373368182e-01
5.949720483471679922e-01
4.520442233531040133e-01
5.077498445849871755e-01
4.520442233531040133e-01
3.763711712011811317e-01
5.138180618129326582e-01
4.921060272219542897e-01
4.237179791543684293e-01
7.307542916949522072e-01
3.985751699042867635e-01
5.093533610953173696e-01
4.921060272219542897e-01
4.921060272219542897e-01
3.726398417425645926e-01
5.576006312720501734e-01
5.453602882382182493e-01
4.470651085073665265e-01
6.332905664406192070e-01
2.989474551577526729e-01
4.635966515676709365e-01
5.529543401836460870e-01
3.930217786226996579e-01
4.613475767079140422e-01
3.930217786226996579e-01
3.291928830190158362e-01
4.478009795402017046e-01
4.282988501188916275e-01
3.816456770012902622e-01
6.914475226384074746e-01
3.480244136032963342e-01
4.416203932769647289e-01
4.282988501188916275e-01
4.282988501188916275e-01
4.732939670014178479e-01
6.779612797867555773e-01
6.732324814651802214e-01
5.419141985501697567e-01
7.397134414032854322e-01
3.587699298486943245e-01
5.517715978157986534e-01
6.542238403929988566e-01
4.973781754303246982e-01
5.565127118890795810e-01
4.973781754303246982e-01
3.998636450641963602e-01
5.910868078449781349e-01
5.561954755088782676e-01
4.550662718601187762e-01
8.307344161763052792e-01
4.269847145035620684e-01
5.872636999940561431e-01
5.561954755088782676e-01
5.561954755088782676e-01
6.505902445617707253e-01
7.842069737698984522e-01
7.861289103257733668e-01
6.675567707720972965e-01
8.200639428212298521e-01
4.882527828912236467e-01
6.646310334153890942e-01
7.533967361013241826e-01
6.636646681454865249e-01
6.774763067038320763e-01
6.636646681454865249e-01
5.408105046022000373e-01
7.568364343646512005e-01
7.247523464528833337e-01
5.736888287866801495e-01
8.928157762746445902e-01
5.761608009270148267e-01
7.584877363734386924e-01
7.247523464528833337e-01
7.247523464528833337e-01
2.533182269221440630e-01
4.001440641109005325e-01
3.846876893777329554e-01
3.213450638011693949e-01
4.784409639822780336e-01
2.155742863863265024e-01
3.414732533169158590e-01
4.108604619862885055e-01
2.686154129002347735e-01
3.337981787343466400e-01
2.686154129002347735e-01
2.341935410129318829e-01
2.971033766834912382e-01
2.871596253585679270e-01
2.796980168052344840e-01
5.017135493229623044e-01
2.449167492777082900e-01
2.915269422400582622e-01
2.871596253585679270e-01
2.871596253585679270e-01
3.782990409133596965e-01
5.742865524872761140e-01
5.623656727439905190e-01
4.573049076882321207e-01
6.505709073106636930e-01
3.021340122831847053e-01
4.739560907424702485e-01
5.672151602422332850e-01
4.003894272694583090e-01
4.721449840598498926e-01
4.003894272694583090e-01
3.334568951326352115e-01
4.597636598455515644e-01
4.383876709900096924e-01
3.885352663024317366e-01
7.164999715756044107e-01
3.530370918264526536e-01
4.530273940370135310e-01
4.383876709900096924e-01
4.383876709900096924e-01
3.050248380053806052e-01
6.161701280340812215e-01
6.046061922698005020e-01
4.576544251127537821e-01
7.022530778536623108e-01
2.716221408482112354e-01
4.808879569214596916e-01
5.970634821156131089e-01
3.506354364229437026e-01
4.772932048781978187e-01
3.506354364229437026e-01
3.002179853118209230e-01
3.924343463951366351e-01
3.797508615689296763e-01
3.787817957147651127e-01
8.389155750830310510e-01
3.164471344792292307e-01
3.450535174403144834e-01
3.797508615689296763e-01
3.797508615689296763e-01
3.352028729670233909e-01
4.810949813570049027e-01
4.687130334079167571e-01
3.946034087890180619e-01
5.516795059268227996e-01
2.751784926071243476e-01
4.103913301424276239e-01
4.838774592145581588e-01
3.502588929534369844e-01
4.066316540791728440e-01
3.502588929534369844e-01
3.001227652159466630e-01
3.896148985616076921e-01
3.759873350644897805e-01
3.429188530235651178e-01
5.852407772041164913e-01
3.153517581438508022e-01
3.850170828914579735e-01
3.759873350644897805e-01
3.759873350644897805e-01
3.050248380053806052e-01
6.161701280340812215e-01
6.046061922698005020e-01
4.576544251127537821e-01
7.022530778536623108e-01
2.716221408482112354e-01
4.808879569214596916e-01
5.970634821156131089e-01
3.506354364229437026e-01
4.772932048781978187e-01
3.506354364229437026e-01
3.002179853118209230e-01
3.924343463951366351e-01
3.797508615689296763e-01
3.787817957147651127e-01
8.389155750830310510e-01
3.164471344792292307e-01
3.450535174403144834e-01
3.797508615689296763e-01
3.797508615689296763e-01
3.050248380053806052e-01
6.161701280340812215e-01
6.046061922698005020e-01
4.576544251127537821e-01
7.022530778536623108e-01
2.716221408482112354e-01
4.808879569214596916e-01
5.970634821156131089e-01
3.506354364229437026e-01
4.772932048781978187e-01
3.506354364229437026e-01
3.002179853118209230e-01
3.924343463951366351e-01
3.797508615689296763e-01
3.787817957147651127e-01
8.389155750830310510e-01
3.164471344792292307e-01
3.450535174403144834e-01
3.797508615689296763e-01
3.797508615689296763e-01
3.050248380053806052e-01
6.161701280340812215e-01
6.046061922698005020e-01
4.576544251127537821e-01
7.022530778536623108e-01
2.716221408482112354e-01
4.808879569214596916e-01
5.970634821156131089e-01
3.506354364229437026e-01
4.772932048781978187e-01
3.506354364229437026e-01
3.002179853118209230e-01
3.924343463951366351e-01
3.797508615689296763e-01
3.787817957147651127e-01
8.389155750830310510e-01
3.164471344792292307e-01
3.450535174403144834e-01
3.797508615689296763e-01
3.797508615689296763e-01
3.050248380053806052e-01
6.161701280340812215e-01
6.046061922698005020e-01
4.576544251127537821e-01
7.022530778536623108e-01
2.716221408482112354e-01
4.808879569214596916e-01
5.970634821156131089e-01
3.506354364229437026e-01
4.772932048781978187e-01
3.506354364229437026e-01
3.002179853118209230e-01
3.924343463951366351e-01
3.797508615689296763e-01
3.787817957147651127e-01
8.389155750830310510e-01
3.164471344792292307e-01
3.450535174403144834e-01
3.797508615689296763e-01
3.797508615689296763e-01
3.050248380053806052e-01
6.161701280340812215e-01
6.046061922698005020e-01
4.576544251127537821e-01
7.022530778536623108e-01
2.716221408482112354e-01
4.808879569214596916e-01
5.970634821156131089e-01
3.506354364229437026e-01
4.772932048781978187e-01
3.506354364229437026e-01
3.002179853118209230e-01
3.924343463951366351e-01
3.797508615689296763e-01
3.787817957147651127e-01
8.389155750830310510e-01
3.164471344792292307e-01
3.450535174403144834e-01
3.797508615689296763e-01
3.797508615689296763e-01
3.050248380053806052e-01
6.161701280340812215e-01
6.046061922698005020e-01
4.576544251127537821e-01
7.022530778536623108e-01
2.716221408482112354e-01
4.808879569214596916e-01
5.970634821156131089e-01
3.506354364229437026e-01
4.772932048781978187e-01
3.506354364229437026e-01
3.002179853118209230e-01
3.924343463951366351e-01
3.797508615689296763e-01
3.787817957147651127e-01
8.389155750830310510e-01
3.164471344792292307e-01
3.450535174403144834e-01
3.797508615689296763e-01
3.797508615689296763e-01
4.712599490351505049e-01
6.431674456278446694e-01
6.360016997619127865e-01
5.278170564406352572e-01
7.050674987404058625e-01
3.661276896384263457e-01
5.376350657563515600e-01
6.284068658004309249e-01
4.898741299850130071e-01
5.408217134747311805e-01
4.898741299850130071e-01
4.044504582734546605e-01
5.599062330306252555e-01
5.352309903954202142e-01
4.511190583467551418e-01
7.709879107998149905e-01
4.292639395534215141e-01
5.561664842216507143e-01
5.352309903954202142e-01
5.352309903954202142e-01
3.050248380053806052e-01
6.161701280340812215e-01
6.046061922698005020e-01
4.576544251127537821e-01
7.022530778536623108e-01
2.716221408482112354e-01
4.808879569214596916e-01
5.970634821156131089e-01
3.506354364229437026e-01
4.772932048781978187e-01
3.506354364229437026e-01
3.002179853118209230e-01
3.924343463951366351e-01
3.797508615689296763e-01
3.787817957147651127e-01
8.389155750830310510e-01
3.164471344792292307e-01
3.450535174403144834e-01
3.797508615689296763e-01
3.797508615689296763e-01
5.179889652528103516e-01
5.804136421475729612e-01
5.866489994164869604e-01
4.438466578980382327e-01
5.620157614659518908e-01
5.234358456251794189e-01
4.515798205380673891e-01
4.515798205380673891e-01
4.515798205380673891e-01
5.357336177767840768e-01
4.052135384315632138e-01
4.261157443104449105e-01
6.189891636372273354e-01
6.654190441481384610e-01
6.379929679536634479e-01
7.303742458555310124e-01
5.088146559908726108e-01
5.088146559908726108e-01
5.561561472609471979e-01
4.915989731038155619e-01
4.909315932994726128e-01
5.605091853048205230e-01
5.671218416558750919e-01
4.173893527477239851e-01
5.430787431994589243e-01
5.035478094219688616e-01
4.187512384615811323e-01
4.187512384615811323e-01
4.187512384615811323e-01
5.165022115945704373e-01
3.792009546843872481e-01
3.992246682083704368e-01
6.031852833126043478e-01
6.533294415947429323e-01
6.253255215706329251e-01
7.246148359771548142e-01
4.743164144832795470e-01
4.743164144832795470e-01
5.366413141012487120e-01
4.582374102968389540e-01
4.807990627079726242e-01
5.469874721617106195e-01
5.531565323528860878e-01
4.117844473333265309e-01
5.317158884433016430e-01
4.943024862551340104e-01
4.135161430076592648e-01
4.135161430076592648e-01
4.135161430076592648e-01
5.067525309447763471e-01
3.753231338221236224e-01
3.945223530591729366e-01
5.885724502853177942e-01
6.366569736483314035e-01
6.125172129161416956e-01
7.016087373694507301e-01
4.649108024882992463e-01
4.649108024882992463e-01
5.254527999980299624e-01
4.502374325960940560e-01
7.328230927783753179e-01
7.714808043197343146e-01
7.778923172618458226e-01
6.309714885489086100e-01
7.359136477710979118e-01
6.915794510635367986e-01
6.742924402370090720e-01
6.742924402370090720e-01
6.742924402370090720e-01
7.027331988799605522e-01
5.803033125658191294e-01
6.108972866856714479e-01
7.921223988846798347e-01
8.283352052402982446e-01
7.832748340933393116e-01
8.919210576519532863e-01
7.635702802627925001e-01
7.635702802627925001e-01
7.324923323257356289e-01
7.322100987514141845e-01
5.184499225146346202e-01
5.808350071958839900e-01
5.870717612003005792e-01
4.442405693764483465e-01
5.623971838278457591e-01
5.238003896255607472e-01
4.520442233531040133e-01
4.520442233531040133e-01
4.520442233531040133e-01
5.360970918631512427e-01
4.055790365842094625e-01
4.265027425499948732e-01
6.193765961462764924e-01
6.657899140265279847e-01
6.383193352248719421e-01
7.307542916949522072e-01
5.093533610953173696e-01
5.093533610953173696e-01
5.565420921530299658e-01
4.921060272219542897e-01
4.620786288977818401e-01
5.314865697682849000e-01
5.377250413356211567e-01
3.951101442616951620e-01
5.175992108872571329e-01
4.803477799169494356e-01
3.930217786226996579e-01
3.930217786226996579e-01
3.930217786226996579e-01
4.930203406646538888e-01
3.595087617732076746e-01
3.778982402473786695e-01
5.752134280133757160e-01
6.248428364962183013e-01
6.016812429131914719e-01
6.914475226384074746e-01
4.416203932769647289e-01
4.416203932769647289e-01
5.110451986800166324e-01
4.282988501188916275e-01
5.824594160913594276e-01
6.514042211950444861e-01
6.595191800106077196e-01
4.825335120562380120e-01
6.198397057243253405e-01
5.720185002055158119e-01
4.973781754303246982e-01
4.973781754303246982e-01
4.973781754303246982e-01
5.859542792047569559e-01
4.350286848714606802e-01
4.608352598901553354e-01
6.892276203747534913e-01
7.410167767070396927e-01
6.951001127258118473e-01
8.307344161763052792e-01
5.872636999940561431e-01
5.872636999940561431e-01
6.138912653210976123e-01
5.561954755088782676e-01
7.255513821730296131e-01
7.662676236294988508e-01
7.729925908279859925e-01
6.200216324598629702e-01
7.293361191866721827e-01
6.836269337864325779e-01
6.636646681454865249e-01
6.636646681454865249e-01
6.636646681454865249e-01
6.951760524370196315e-01
5.682744499271484839e-01
5.993071219521886039e-01
7.878249753377656317e-01
8.256136005277618928e-01
7.786948386383762966e-01
8.928157762746445902e-01
7.584877363734386924e-01
7.584877363734386924e-01
7.257428170308947157e-01
7.247523464528833337e-01
3.183638706120088813e-01
3.778114349853338716e-01
3.819726245522386820e-01
2.807105232318529153e-01
3.783938331604954075e-01
3.536434238359598137e-01
2.686154129002347735e-01
2.686154129002347735e-01
2.686154129002347735e-01
3.640084905797003612e-01
2.578207802331081155e-01
2.686667293100378218e-01
4.202355333610069410e-01
4.623115033793762096e-01
4.625000376219995379e-01
5.017135493229623044e-01
2.915269422400582622e-01
2.915269422400582622e-01
3.720837677617254147e-01
2.871596253585679270e-01
4.743705024525210479e-01
5.470864473177403653e-01
5.537732884808156397e-01
4.027853188483399571e-01
5.309034378941196453e-01
4.914993749858521110e-01
4.003894272694583090e-01
4.003894272694583090e-01
4.003894272694583090e-01
5.046612883847807485e-01
3.654051539588065167e-01
3.846656535337176774e-01
5.917643556061195076e-01
6.433711410925082586e-01
6.161288627657766082e-01
7.164999715756044107e-01
4.530273940370135310e-01
4.530273940370135310e-01
5.241963338957086327e-01
4.383876709900096924e-01
4.703982932083877744e-01
5.792076469569362729e-01
5.892337966528111703e-01
3.854299798361841556e-01
5.524901809042507272e-01
5.023385670440098094e-01
3.506354364229437026e-01
3.506354364229437026e-01
3.506354364229437026e-01
5.185905458061482731e-01
3.437666065783235858e-01
3.630736020440277212e-01
6.347577320658965849e-01
7.024965914192724536e-01
6.512410452461713239e-01
8.389155750830310510e-01
3.450535174403144834e-01
3.450535174403144834e-01
5.441345766369510839e-01
3.797508615689296763e-01
4.026028786480352895e-01
4.593584888954339585e-01
4.640394249364347967e-01
3.525738652863470990e-01
4.528534155705298270e-01
4.239285191848116696e-01
3.502588929534369844e-01
3.502588929534369844e-01
3.502588929534369844e-01
4.345648840394298329e-01
3.243144393689395000e-01
3.389244903916934226e-01
4.982127594506618462e-01
5.397942492066737374e-01
5.304852012998488853e-01
5.852407772041164913e-01
3.850170828914579735e-01
3.850170828914579735e-01
4.470254886859925669e-01
3.759873350644897805e-01
4.703982932083877744e-01
5.792076469569362729e-01
5.892337966528111703e-01
3.854299798361841556e-01
5.524901809042507272e-01
5.023385670440098094e-01
3.506354364229437026e-01
3.506354364229437026e-01
3.506354364229437026e-01
5.185905458061482731e-01
3.437666065783235858e-01
3.630736020440277212e-01
6.347577320658965849e-01
7.024965914192724536e-01
6.512410452461713239e-01
8.389155750830310510e-01
3.450535174403144834e-01
3.450535174403144834e-01
5.441345766369510839e-01
3.797508615689296763e-01
4.703982932083877744e-01
5.792076469569362729e-01
5.892337966528111703e-01
3.854299798361841556e-01
5.524901809042507272e-01
5.023385670440098094e-01
3.506354364229437026e-01
3.506354364229437026e-01
3.506354364229437026e-01
5.185905458061482731e-01
3.437666065783235858e-01
3.630736020440277212e-01
6.347577320658965849e-01
7.024965914192724536e-01
6.512410452461713239e-01
8.389155750830310510e-01
3.450535174403144834e-01
3.450535174403144834e-01
5.441345766369510839e-01
3.797508615689296763e-01
4.703982932083877744e-01
5.792076469569362729e-01
5.892337966528111703e-01
3.854299798361841556e-01
5.524901809042507272e-01
5.023385670440098094e-01
3.506354364229437026e-01
3.506354364229437026e-01
3.506354364229437026e-01
5.185905458061482731e-01
3.437666065783235858e-01
3.630736020440277212e-01
6.347577320658965849e-01
7.024965914192724536e-01
6.512410452461713239e-01
8.389155750830310510e-01
3.450535174403144834e-01
3.450535174403144834e-01
5.441345766369510839e-01
3.797508615689296763e-01
4.703982932083877744e-01
5.792076469569362729e-01
5.892337966528111703e-01
3.854299798361841556e-01
5.524901809042507272e-01
5.023385670440098094e-01
3.506354364229437026e-01
3.506354364229437026e-01
3.506354364229437026e-01
5.185905458061482731e-01
3.437666065783235858e-01
3.630736020440277212e-01
6.347577320658965849e-01
7.024965914192724536e-01
6.512410452461713239e-01
8.389155750830310510e-01
3.450535174403144834e-01
3.450535174403144834e-01
5.441345766369510839e-01
3.797508615689296763e-01
4.703982932083877744e-01
5.792076469569362729e-01
5.892337966528111703e-01
3.854299798361841556e-01
5.524901809042507272e-01
5.023385670440098094e-01
3.506354364229437026e-01
3.506354364229437026e-01
3.506354364229437026e-01
5.185905458061482731e-01
3.437666065783235858e-01
3.630736020440277212e-01
6.347577320658965849e-01
7.024965914192724536e-01
6.512410452461713239e-01
8.389155750830310510e-01
3.450535174403144834e-01
3.450535174403144834e-01
5.441345766369510839e-01
3.797508615689296763e-01
4.703982932083877744e-01
5.792076469569362729e-01
5.892337966528111703e-01
3.854299798361841556e-01
5.524901809042507272e-01
5.023385670440098094e-01
3.506354364229437026e-01
3.506354364229437026e-01
3.506354364229437026e-01
5.185905458061482731e-01
3.437666065783235858e-01
3.630736020440277212e-01
6.347577320658965849e-01
7.024965914192724536e-01
6.512410452461713239e-01
8.389155750830310510e-01
3.450535174403144834e-01
3.450535174403144834e-01
5.441345766369510839e-01
3.797508615689296763e-01
5.586133084548199346e-01
6.194686864745344579e-01
6.260599023546791209e-01
4.763113933500008335e-01
5.966038482360174200e-01
5.555030579501072374e-01
4.898741299850130071e-01
4.898741299850130071e-01
4.898741299850130071e-01
5.679911797685506247e-01
4.343981610870307764e-01
4.575132179309969738e-01
6.558270792794061999e-01
7.020182112234757410e-01
6.689880675554766842e-01
7.709879107998149905e-01
5.561664842216507143e-01
5.561664842216507143e-01
5.910175820857929141e-01
5.352309903954202142e-01
4.703982932083877744e-01
5.792076469569362729e-01
5.892337966528111703e-01
3.854299798361841556e-01
5.524901809042507272e-01
5.023385670440098094e-01
3.506354364229437026e-01
3.506354364229437026e-01
3.506354364229437026e-01
5.185905458061482731e-01
3.437666065783235858e-01
3.630736020440277212e-01
6.347577320658965849e-01
7.024965914192724536e-01
6.512410452461713239e-01
8.389155750830310510e-01
3.450535174403144834e-01
3.450535174403144834e-01
5.441345766369510839e-01
3.797508615689296763e-01
