# dev accuracy: 0.8405963302752294
8.557894229888916016e-01
5.314151644706726074e-01
8.485261797904968262e-01
6.074000000953674316e-01
5.662759542465209961e-01
7.798402309417724609e-01
8.094632029533386230e-01
4.096860885620117188e-01
6.731792688369750977e-01
6.177157759666442871e-01
8.377494663000106812e-02
5.764361023902893066e-01
8.214719891548156738e-01
9.938912391662597656e-01
5.429304242134094238e-01
8.739001154899597168e-01
4.252462983131408691e-01
1.536217331886291504e-01
1.763288378715515137e-01
8.835476636886596680e-01
8.098888993263244629e-01
6.173210740089416504e-01
8.076360821723937988e-01
7.152526974678039551e-01
6.884140968322753906e-01
8.739959597587585449e-01
8.882353901863098145e-01
6.089937090873718262e-01
7.769045233726501465e-01
7.165396809577941895e-01
2.580971121788024902e-01
7.267619371414184570e-01
7.934601902961730957e-01
9.866116046905517578e-01
5.862802267074584961e-01
8.558019995689392090e-01
6.504433751106262207e-01
4.232840836048126221e-01
2.191712409257888794e-01
8.096137642860412598e-01
8.675575852394104004e-01
6.683177947998046875e-01
8.455497622489929199e-01
8.119853734970092773e-01
8.079829216003417969e-01
9.137784838676452637e-01
9.402165412902832031e-01
6.771509051322937012e-01
8.449856042861938477e-01
8.171187639236450195e-01
2.125286757946014404e-01
7.835041880607604980e-01
8.688135147094726562e-01
9.910994172096252441e-01
7.303468585014343262e-01
9.061570763587951660e-01
6.176486611366271973e-01
2.682200372219085693e-01
2.923331260681152344e-01
8.813282251358032227e-01
9.844263195991516113e-01
9.179452657699584961e-01
9.757974743843078613e-01
9.633564949035644531e-01
9.586382508277893066e-01
9.857004880905151367e-01
9.893494844436645508e-01
9.179762005805969238e-01
9.704176187515258789e-01
9.616301059722900391e-01
3.583226203918457031e-01
9.394658207893371582e-01
9.826151132583618164e-01
9.991477727890014648e-01
9.722800850868225098e-01
9.803290367126464844e-01
8.571383357048034668e-01
5.585679411888122559e-01
5.245581865310668945e-01
9.880968332290649414e-01
7.702480554580688477e-01
4.080344140529632568e-01
7.196250557899475098e-01
5.369138717651367188e-01
4.822019636631011963e-01
7.755675315856933594e-01
7.779074907302856445e-01
3.601291179656982422e-01
5.599082708358764648e-01
5.078697204589843750e-01
5.113835632801055908e-02
4.362149834632873535e-01
6.929269433021545410e-01
9.904630780220031738e-01
4.680401086807250977e-01
8.113775849342346191e-01
3.413363993167877197e-01
1.413662433624267578e-01
9.698782116174697876e-02
8.124629855155944824e-01
9.724938273429870605e-01
8.833543062210083008e-01
9.660863280296325684e-01
9.235668182373046875e-01
9.106203913688659668e-01
9.701411724090576172e-01
9.748877882957458496e-01
8.705081939697265625e-01
9.479574561119079590e-01
9.348874092102050781e-01
3.407156467437744141e-01
8.910356760025024414e-01
9.524608254432678223e-01
9.989224672317504883e-01
8.241108655929565430e-01
9.782499670982360840e-01
7.912667393684387207e-01
5.440476536750793457e-01
5.481518507003784180e-01
9.821060895919799805e-01
8.150704503059387207e-01
5.107346773147583008e-01
8.176959753036499023e-01
7.668319940567016602e-01
7.581948041915893555e-01
9.112699627876281738e-01
9.325329661369323730e-01
6.150732636451721191e-01
8.297509551048278809e-01
7.853030562400817871e-01
9.378314763307571411e-02
7.501176595687866211e-01
8.521618247032165527e-01
9.923371672630310059e-01
4.773427844047546387e-01
9.546507596969604492e-01
4.809338152408599854e-01
2.105010747909545898e-01
1.406034529209136963e-01
8.100682497024536133e-01
8.974511623382568359e-01
7.058292031288146973e-01
8.954550623893737793e-01
7.974743247032165527e-01
7.872152328491210938e-01
9.174801111221313477e-01
9.391386508941650391e-01
6.994575262069702148e-01
8.681374192237854004e-01
8.074329495429992676e-01
2.085067182779312134e-01
7.812283635139465332e-01
9.000879526138305664e-01
9.953359961509704590e-01
7.911366224288940430e-01
8.724770545959472656e-01
6.097305417060852051e-01
3.593312799930572510e-01
3.100980818271636963e-01
9.029293060302734375e-01
1.433033943176269531e-01
8.970280736684799194e-02
9.878258407115936279e-02
1.206362470984458923e-01
1.210616305470466614e-01
2.272295802831649780e-01
2.865067422389984131e-01
6.521224975585937500e-02
1.102372929453849792e-01
1.169849559664726257e-01
2.478800341486930847e-02
1.271988600492477417e-01
1.602104604244232178e-01
5.379368066787719727e-01
1.300113052129745483e-01
8.152793347835540771e-02
1.016718074679374695e-01
2.036318741738796234e-02
1.938910596072673798e-02
1.317820399999618530e-01
4.236453771591186523e-01
2.051317840814590454e-01
3.079248070716857910e-01
2.696718275547027588e-01
2.700554728507995605e-01
4.596223533153533936e-01
5.102789402008056641e-01
1.874670386314392090e-01
2.960321605205535889e-01
2.774256169795989990e-01
5.452541261911392212e-02
3.004597723484039307e-01
5.281586647033691406e-01
8.464770913124084473e-01
4.094945192337036133e-01
4.835841357707977295e-01
2.836732864379882812e-01
1.141714528203010559e-01
7.162299752235412598e-02
3.332784771919250488e-01
8.482373952865600586e-01
5.928846001625061035e-01
8.450431227684020996e-01
7.465226650238037109e-01
7.296710610389709473e-01
8.900570869445800781e-01
9.139244556427001953e-01
5.481830835342407227e-01
7.738692760467529297e-01
7.340225577354431152e-01
1.042702049016952515e-01
6.830582022666931152e-01
8.550384044647216797e-01
9.954931735992431641e-01
6.708075404167175293e-01
8.839524388313293457e-01
5.213567018508911133e-01
1.397763788700103760e-01
1.683376133441925049e-01
8.781375288963317871e-01
3.397057056427001953e-01
1.928514242172241211e-01
2.670726180076599121e-01
2.490556687116622925e-01
1.733409762382507324e-01
3.780218064785003662e-01
2.886850237846374512e-01
1.213876605033874512e-01
1.327394545078277588e-01
1.979963183403015137e-01
5.057585984468460083e-02
2.079970240592956543e-01
2.015615403652191162e-01
7.964303493499755859e-01
5.837152153253555298e-02
2.991723716259002686e-01
3.314888775348663330e-01
8.062160015106201172e-02
5.853711441159248352e-02
3.417359888553619385e-01
2.924863696098327637e-01
1.460744440555572510e-01
2.507127821445465088e-01
1.756158471107482910e-01
1.511366218328475952e-01
2.904711961746215820e-01
2.977003455162048340e-01
1.084031611680984497e-01
1.610930413007736206e-01
1.634704172611236572e-01
4.133283346891403198e-02
1.697894483804702759e-01
2.349949777126312256e-01
8.466774821281433105e-01
1.114337295293807983e-01
2.751453816890716553e-01
1.900176256895065308e-01
5.560387670993804932e-02
5.729051306843757629e-02
2.862017452716827393e-01
9.395601153373718262e-01
8.177013993263244629e-01
9.345935583114624023e-01
8.818531632423400879e-01
8.951375484466552734e-01
9.552301764488220215e-01
9.722060561180114746e-01
8.475331664085388184e-01
9.473068714141845703e-01
9.201537966728210449e-01
3.014828860759735107e-01
8.574554920196533203e-01
9.308407306671142578e-01
9.973639845848083496e-01
7.403171658515930176e-01
9.579381942749023438e-01
6.205981373786926270e-01
3.622944951057434082e-01
3.853915035724639893e-01
9.498309493064880371e-01
8.447093963623046875e-01
6.783284544944763184e-01
7.903688549995422363e-01
7.225254178047180176e-01
7.347181439399719238e-01
8.580711483955383301e-01
8.995670080184936523e-01
5.706754326820373535e-01
7.348877787590026855e-01
7.156834602355957031e-01
1.878457963466644287e-01
6.745005846023559570e-01
8.348356485366821289e-01
9.821433424949645996e-01
7.367292046546936035e-01
7.956030368804931641e-01
6.480585336685180664e-01
3.658152818679809570e-01
2.910890877246856689e-01
8.215693235397338867e-01
9.918866753578186035e-01
9.632830619812011719e-01
9.935128092765808105e-01
9.823099970817565918e-01
9.819800853729248047e-01
9.950337409973144531e-01
9.970135688781738281e-01
9.758821725845336914e-01
9.945232868194580078e-01
9.890856146812438965e-01
6.854488253593444824e-01
9.815250635147094727e-01
9.883387088775634766e-01
9.998200535774230957e-01
8.988466858863830566e-01
9.964842796325683594e-01
9.096156358718872070e-01
7.842903733253479004e-01
8.480318188667297363e-01
9.941985607147216797e-01
2.486621141433715820e-01
1.667634248733520508e-01
2.100672870874404907e-01
1.541109383106231689e-01
1.815304011106491089e-01
2.760591804981231689e-01
3.639639317989349365e-01
1.349426060914993286e-01
2.176278680562973022e-01
1.957433521747589111e-01
4.082384333014488220e-02
1.335259675979614258e-01
2.560412287712097168e-01
6.035960912704467773e-01
1.783399879932403564e-01
1.715361773967742920e-01
1.330827772617340088e-01
7.252202183008193970e-02
6.185406818985939026e-02
2.180385738611221313e-01
4.821981787681579590e-01
2.996604442596435547e-01
4.349894523620605469e-01
4.456634521484375000e-01
4.234487414360046387e-01
6.525941491127014160e-01
6.833111643791198730e-01
3.585250973701477051e-01
4.765947759151458740e-01
4.487878382205963135e-01
1.352190822362899780e-01
4.639647305011749268e-01
5.123029351234436035e-01
9.272547960281372070e-01
3.076872527599334717e-01
5.464445352554321289e-01
4.198770821094512939e-01
1.929769814014434814e-01
9.148648381233215332e-02
4.305993020534515381e-01
6.567488312721252441e-01
4.141005575656890869e-01
5.956141948699951172e-01
5.338010191917419434e-01
4.821282625198364258e-01
6.974501609802246094e-01
6.823612451553344727e-01
3.644356429576873779e-01
4.830659329891204834e-01
4.798539876937866211e-01
1.251222640275955200e-01
5.058683753013610840e-01
6.301798820495605469e-01
9.463022351264953613e-01
5.291130542755126953e-01
5.464701652526855469e-01
4.669430553913116455e-01
1.681597381830215454e-01
1.106944754719734192e-01
6.527631878852844238e-01
9.000809788703918457e-01
7.651811838150024414e-01
8.876134157180786133e-01
8.079783916473388672e-01
7.908715009689331055e-01
9.203006029129028320e-01
9.230992197990417480e-01
7.600829005241394043e-01
8.639184236526489258e-01
8.369946479797363281e-01
2.936688661575317383e-01
7.937582731246948242e-01
8.416003584861755371e-01
9.950049519538879395e-01
5.308750867843627930e-01
9.136043190956115723e-01
7.411027550697326660e-01
4.448619186878204346e-01
2.660769224166870117e-01
9.131441712379455566e-01
9.073265790939331055e-01
8.587167263031005859e-01
8.958774209022521973e-01
6.860976815223693848e-01
7.654907107353210449e-01
7.717745900154113770e-01
9.358115196228027344e-01
5.784822702407836914e-01
8.066183328628540039e-01
7.792151570320129395e-01
4.674769341945648193e-01
7.562253475189208984e-01
8.340270519256591797e-01
9.839270710945129395e-01
6.365370750427246094e-01
7.585388422012329102e-01
9.312891960144042969e-01
5.329450368881225586e-01
9.289660453796386719e-01
6.229178979992866516e-02
8.544737696647644043e-01
8.260473012924194336e-01
8.242381811141967773e-01
7.536622881889343262e-01
8.305635452270507812e-01
8.808615207672119141e-01
9.590723514556884766e-01
7.456382513046264648e-01
8.900815248489379883e-01
8.111852407455444336e-01
6.703319549560546875e-01
8.232436776161193848e-01
7.710748910903930664e-01
9.703100919723510742e-01
6.722602844238281250e-01
7.643027305603027344e-01
8.933028578758239746e-01
6.790466308593750000e-01
8.665102124214172363e-01
1.058729290962219238e-01
9.025444984436035156e-01
8.579102754592895508e-01
8.751663565635681152e-01
8.293101191520690918e-01
8.703621029853820801e-01
8.991459012031555176e-01
9.695172309875488281e-01
7.630885243415832520e-01
9.019301533699035645e-01
8.665153980255126953e-01
6.294112205505371094e-01
8.585996627807617188e-01
8.527477383613586426e-01
9.736237525939941406e-01
7.893419861793518066e-01
8.859075307846069336e-01
9.046968817710876465e-01
6.183951497077941895e-01
9.049912095069885254e-01
1.408929675817489624e-01
9.874075651168823242e-01
9.720702767372131348e-01
9.826024770736694336e-01
9.556350111961364746e-01
9.759435653686523438e-01
9.807697534561157227e-01
9.945160746574401855e-01
9.357501268386840820e-01
9.856735467910766602e-01
9.706918001174926758e-01
8.856794834136962891e-01
9.740158319473266602e-01
9.807101488113403320e-01
9.974952936172485352e-01
9.838591217994689941e-01
9.660101532936096191e-01
9.869124889373779297e-01
8.868416547775268555e-01
9.834347367286682129e-01
3.114739656448364258e-01
8.113994002342224121e-01
7.130684256553649902e-01
7.584371566772460938e-01
5.308659672737121582e-01
6.156433820724487305e-01
7.162931561470031738e-01
9.117911458015441895e-01
4.588935077190399170e-01
7.075068950653076172e-01
5.974798202514648438e-01
2.815854847431182861e-01
5.930401682853698730e-01
6.623609066009521484e-01
9.726066589355468750e-01
5.652784705162048340e-01
5.912608504295349121e-01
8.524040579795837402e-01
4.445773363113403320e-01
7.750989198684692383e-01
5.291787534952163696e-02
9.828963875770568848e-01
9.712188839912414551e-01
9.755046367645263672e-01
9.305830597877502441e-01
9.530391693115234375e-01
9.574398398399353027e-01
9.892583489418029785e-01
9.189283847808837891e-01
9.654193520545959473e-01
9.589419960975646973e-01
8.378534317016601562e-01
9.513735771179199219e-01
9.587193131446838379e-01
9.970198273658752441e-01
8.799480199813842773e-01
9.625194072723388672e-01
9.837920665740966797e-01
8.739179372787475586e-01
9.824892282485961914e-01
4.149553477764129639e-01
8.988094925880432129e-01
8.380286097526550293e-01
8.897440433502197266e-01
8.164386153221130371e-01
8.746352195739746094e-01
9.153893589973449707e-01
9.763854742050170898e-01
7.995580434799194336e-01
9.157838821411132812e-01
8.567658066749572754e-01
6.095188856124877930e-01
8.498806357383728027e-01
8.264583349227905273e-01
9.808599948883056641e-01
6.113098859786987305e-01
9.045950174331665039e-01
8.933141827583312988e-01
5.924300551414489746e-01
8.820304870605468750e-01
4.925315827131271362e-02
9.251912236213684082e-01
8.903352618217468262e-01
9.248679876327514648e-01
8.081602454185485840e-01
8.632848262786865234e-01
8.994008302688598633e-01
9.735523462295532227e-01
7.864679098129272461e-01
9.216332435607910156e-01
8.545618057250976562e-01
6.846379041671752930e-01
8.592277765274047852e-01
8.905117511749267578e-01
9.843020439147949219e-01
8.497803211212158203e-01
7.842093110084533691e-01
9.336994290351867676e-01
6.642986536026000977e-01
9.323368072509765625e-01
1.189824640750885010e-01
2.032846212387084961e-01
1.550732105970382690e-01
1.288248002529144287e-01
1.355878114700317383e-01
1.773693114519119263e-01
2.608509957790374756e-01
4.695399105548858643e-01
8.320262283086776733e-02
2.265894562005996704e-01
1.449222564697265625e-01
8.712539076805114746e-02
1.653720736503601074e-01
1.477992832660675049e-01
3.018250167369842529e-01
1.665085405111312866e-01
1.042538657784461975e-01
2.580665051937103271e-01
9.439836442470550537e-02
1.632312387228012085e-01
1.478774286806583405e-02
4.571898579597473145e-01
4.058142006397247314e-01
3.818755745887756348e-01
2.704207599163055420e-01
3.921809792518615723e-01
5.387502312660217285e-01
7.731296420097351074e-01
2.759227156639099121e-01
5.312144756317138672e-01
3.219532072544097900e-01
2.531321048736572266e-01
3.711711168289184570e-01
4.330595135688781738e-01
7.420809864997863770e-01
5.059761404991149902e-01
4.120021164417266846e-01
6.340325474739074707e-01
3.490518033504486084e-01
4.320119321346282959e-01
3.778973594307899475e-02
9.037182331085205078e-01
8.528686761856079102e-01
9.080939888954162598e-01
7.689926624298095703e-01
8.447921872138977051e-01
8.887065649032592773e-01
9.701238870620727539e-01
6.932352185249328613e-01
8.939906954765319824e-01
8.132775425910949707e-01
5.490009784698486328e-01
8.148490190505981445e-01
8.509217500686645508e-01
9.847295880317687988e-01
7.785756587982177734e-01
7.877051830291748047e-01
9.297026991844177246e-01
5.272719860076904297e-01
8.839007616043090820e-01
9.020103514194488525e-02
4.834466576576232910e-01
4.462295770645141602e-01
4.365627169609069824e-01
3.445609807968139648e-01
3.628766536712646484e-01
5.332710146903991699e-01
6.766358613967895508e-01
2.639161944389343262e-01
3.513511717319488525e-01
3.519182205200195312e-01
2.028776407241821289e-01
2.795037329196929932e-01
2.158245295286178589e-01
7.970287203788757324e-01
8.827877044677734375e-02
2.066846936941146851e-01
7.904722094535827637e-01
3.700947165489196777e-01
4.898584485054016113e-01
9.252610802650451660e-02
3.388637900352478027e-01
3.101416230201721191e-01
3.000595867633819580e-01
1.884606182575225830e-01
2.214833647012710571e-01
3.018205463886260986e-01
5.593765974044799805e-01
1.494984477758407593e-01
2.624199092388153076e-01
2.059565186500549316e-01
1.380068361759185791e-01
2.016886770725250244e-01
2.305772155523300171e-01
6.653378009796142578e-01
1.487677991390228271e-01
1.829856336116790771e-01
5.124322772026062012e-01
1.944333016872406006e-01
3.467586636543273926e-01
4.633633047342300415e-02
9.676854610443115234e-01
9.381534457206726074e-01
9.474392533302307129e-01
8.898606896400451660e-01
9.329636096954345703e-01
9.230099320411682129e-01
9.811033010482788086e-01
8.800941109657287598e-01
9.572492837905883789e-01
9.462189674377441406e-01
7.633740305900573730e-01
9.298324584960937500e-01
9.433879256248474121e-01
9.892182350158691406e-01
8.043087124824523926e-01
9.628745317459106445e-01
9.330557584762573242e-01
7.209459543228149414e-01
9.623660445213317871e-01
1.610817611217498779e-01
8.609447479248046875e-01
8.312724232673645020e-01
8.185602426528930664e-01
7.116591334342956543e-01
8.028500080108642578e-01
8.856863975524902344e-01
9.594094753265380859e-01
6.952384114265441895e-01
8.651103377342224121e-01
7.499633431434631348e-01
5.551542043685913086e-01
7.540252804756164551e-01
8.251025676727294922e-01
9.487281441688537598e-01
8.183408975601196289e-01
7.803434729576110840e-01
9.206671118736267090e-01
7.241297960281372070e-01
8.220465183258056641e-01
3.253987133502960205e-01
9.969564676284790039e-01
9.943112134933471680e-01
9.965268969535827637e-01
9.884301424026489258e-01
9.932611584663391113e-01
9.913874268531799316e-01
9.985174536705017090e-01
9.882163405418395996e-01
9.959536790847778320e-01
9.947893619537353516e-01
9.715675115585327148e-01
9.926910996437072754e-01
9.909179806709289551e-01
9.993627667427062988e-01
9.357469081878662109e-01
9.947113990783691406e-01
9.959243535995483398e-01
9.507586359977722168e-01
9.982434511184692383e-01
4.579881429672241211e-01
2.644665539264678955e-01
2.442669272422790527e-01
1.822783499956130981e-01
1.459893733263015747e-01
1.635609418153762817e-01
1.946538835763931274e-01
3.398248851299285889e-01
1.247736811637878418e-01
2.018979489803314209e-01
1.772639006376266479e-01
8.647920936346054077e-02
1.703524738550186157e-01
2.413573116064071655e-01
3.867408037185668945e-01
1.998355686664581299e-01
1.948789954185485840e-01
1.790540069341659546e-01
1.468044817447662354e-01
3.573245704174041748e-01
6.479287892580032349e-02
5.347872972488403320e-01
4.861389994621276855e-01
4.519103169441223145e-01
4.303791522979736328e-01
5.330649018287658691e-01
6.761575341224670410e-01
8.584364056587219238e-01
4.672071933746337891e-01
6.726172566413879395e-01
4.770473241806030273e-01
4.304520487785339355e-01
5.169505476951599121e-01
4.892422854900360107e-01
8.223538398742675781e-01
3.671769499778747559e-01
4.857586324214935303e-01
6.386295557022094727e-01
4.268236756324768066e-01
5.081572532653808594e-01
6.232144683599472046e-02
7.184332609176635742e-01
6.560099124908447266e-01
6.763426661491394043e-01
5.879577994346618652e-01
6.656118631362915039e-01
7.695596218109130859e-01
8.791512250900268555e-01
5.205228924751281738e-01
7.133219838142395020e-01
6.052735447883605957e-01
4.706629812717437744e-01
6.403886079788208008e-01
6.292162537574768066e-01
9.108322858810424805e-01
6.229531764984130859e-01
4.339661300182342529e-01
8.411562442779541016e-01
5.111960172653198242e-01
6.914172768592834473e-01
9.399563074111938477e-02
9.403756856918334961e-01
9.186170697212219238e-01
8.914558291435241699e-01
8.288554549217224121e-01
8.856382369995117188e-01
8.972539305686950684e-01
9.708558320999145508e-01
8.357600569725036621e-01
9.220980405807495117e-01
8.936543464660644531e-01
7.787733674049377441e-01
8.842788934707641602e-01
8.601833581924438477e-01
9.858037233352661133e-01
6.193583607673645020e-01
8.710529208183288574e-01
9.273789525032043457e-01
7.743435502052307129e-01
9.378625154495239258e-01
1.656073629856109619e-01
